%YAML:1.0
---
CameraType: "PinHole"
fx: 5.7736612975356729e+02
fy: 5.7740185161531519e+02
cx: 3.2057484410309843e+02
cy: 2.3244032095644445e+02
K: !!opencv-matrix
   rows: 3
   cols: 3
   dt: d
   data: [ 5.7736612975356729e+02, 0., 3.2057484410309843e+02, 0.,
       5.7740185161531519e+02, 2.3244032095644445e+02, 0., 0., 1. ]
D: !!opencv-matrix
   rows: 1
   cols: 5
   dt: d
   data: [ 1.4354431291914752e-01, -5.1397928264018877e-01,
       -3.4027469642558024e-04, 2.7199026964353282e-04,
       1.0741091073001834e+00 ]
